NCP_96_1328_0032.png 2 9 94 512 405
NCP_96_1328_0035.png 2 10 106 512 405
NCP_96_1328_0036.png 2 10 105 512 406
NCP_96_1328_0037.png 2 11 104 512 406
NCP_96_1328_0038.png 2 11 103 512 406
NCP_96_1328_0039.png 2 12 102 512 406
NCP_96_1328_0040.png 2 12 102 512 406
NCP_96_1328_0041.png 2 12 101 512 406
NCP_96_1328_0042.png 2 12 100 512 406
NCP_96_1328_0043.png 2 13 100 512 406
NCP_96_1328_0044.png 2 13 99 512 406
NCP_96_1328_0045.png 2 13 99 512 406
NCP_96_1328_0046.png 2 13 99 512 406
NCP_96_1328_0047.png 2 14 98 512 406
NCP_96_1328_0048.png 2 14 98 512 406
NCP_96_1328_0049.png 2 14 98 512 407
NCP_96_1328_0050.png 2 15 97 512 407
NCP_96_1328_0051.png 2 15 97 512 408
NCP_96_1328_0052.png 2 16 97 512 408
NCP_96_1328_0053.png 2 17 97 512 408
NCP_96_1328_0054.png 2 17 96 512 408
NCP_96_1328_0055.png 2 18 96 512 408
NCP_96_1328_0056.png 2 18 96 507 408
NCP_96_1328_0057.png 2 19 96 507 408
NCP_96_1328_0058.png 2 19 96 506 408
NCP_96_1328_0059.png 2 20 95 505 408
NCP_96_1328_0060.png 2 21 95 504 408
NCP_96_1328_0061.png 2 21 95 503 408
NCP_96_1328_0062.png 2 22 95 502 408
NCP_96_1328_0063.png 2 23 95 501 408
NCP_96_1328_0064.png 2 23 95 499 408
NCP_96_1328_0065.png 2 24 95 498 408
NCP_96_1328_0066.png 2 25 95 497 408
NCP_96_1328_0067.png 2 25 95 495 408
NCP_96_1328_0068.png 2 25 95 495 409
NCP_96_1328_0069.png 2 26 95 494 409
NCP_96_1328_0070.png 2 27 95 493 409
NCP_96_1328_0071.png 2 27 95 492 408
NCP_96_1328_0072.png 2 27 96 492 408
NCP_96_1328_0073.png 2 28 96 490 408
NCP_96_1328_0074.png 2 28 96 489 408
NCP_96_1328_0075.png 2 29 96 487 408
NCP_96_1328_0076.png 2 29 95 485 408
NCP_96_1328_0077.png 2 29 95 483 407
NCP_96_1328_0078.png 2 30 95 481 407
NCP_96_1328_0079.png 2 30 95 479 408
NCP_96_1328_0080.png 2 31 94 479 407
NCP_96_1328_0081.png 2 31 94 478 408
NCP_96_1328_0082.png 2 31 94 478 408
NCP_96_1328_0083.png 2 32 93 479 408
NCP_96_1328_0084.png 2 32 93 478 408
NCP_96_1328_0085.png 2 33 93 478 408
NCP_96_1328_0086.png 2 33 92 478 408
NCP_96_1328_0087.png 2 34 92 477 408
NCP_96_1328_0088.png 2 34 92 477 408
NCP_96_1328_0089.png 2 35 91 476 409
NCP_96_1328_0090.png 2 35 91 475 409
NCP_96_1328_0091.png 2 36 91 474 409
NCP_96_1328_0092.png 2 36 90 473 409
NCP_96_1328_0093.png 2 37 90 472 409
NCP_96_1328_0094.png 2 37 90 470 408
NCP_96_1328_0095.png 2 38 89 469 408
NCP_96_1328_0096.png 2 38 89 468 408
NCP_96_1328_0097.png 2 39 89 468 408
NCP_96_1328_0098.png 2 39 89 468 408
NCP_96_1328_0099.png 2 40 89 468 408
NCP_96_1328_0100.png 2 40 88 467 408
NCP_96_1328_0101.png 2 41 88 467 408
NCP_96_1328_0102.png 2 41 88 467 408
NCP_96_1328_0103.png 2 41 87 467 408
NCP_96_1328_0104.png 2 42 87 467 408
NCP_96_1328_0105.png 2 42 86 467 408
NCP_96_1328_0106.png 2 42 85 466 408
NCP_96_1328_0107.png 2 42 85 466 408
NCP_96_1328_0108.png 2 42 84 466 409
NCP_96_1328_0109.png 2 42 83 466 409
NCP_96_1328_0110.png 2 42 82 466 409
NCP_96_1328_0111.png 2 42 82 466 410
NCP_96_1328_0112.png 2 42 82 465 410
NCP_96_1328_0113.png 2 42 81 465 410
NCP_96_1328_0114.png 2 42 80 465 409
NCP_96_1328_0115.png 2 42 80 465 409
NCP_96_1328_0116.png 2 42 79 465 409
NCP_96_1328_0117.png 2 42 78 465 409
NCP_96_1328_0118.png 2 41 78 465 409
NCP_96_1328_0119.png 2 41 77 465 410
NCP_96_1329_0014.png 2 9 94 512 405
NCP_96_1329_0015.png 2 9 106 512 405
NCP_96_1329_0016.png 2 11 104 512 406
NCP_96_1329_0017.png 2 12 102 512 406
NCP_96_1329_0018.png 2 12 100 512 406
Normal_3838_5350_0107.png 0 12 94 512 460
Normal_3838_5350_0108.png 0 13 94 512 460
Normal_3838_5350_0109.png 0 13 94 512 460
Normal_3838_5350_0110.png 0 13 95 512 460
Normal_3838_5350_0111.png 0 13 95 512 460
Normal_3838_5350_0112.png 0 14 95 512 460
Normal_3838_5350_0113.png 0 14 95 512 459
Normal_3838_5350_0114.png 0 14 96 512 459
Normal_3838_5350_0115.png 0 14 96 512 459
Normal_3838_5350_0116.png 0 14 96 512 459
Normal_3838_5350_0117.png 0 14 97 512 459
Normal_3838_5350_0118.png 0 14 97 512 458
Normal_3838_5350_0119.png 0 15 98 508 458
Normal_3838_5350_0120.png 0 15 99 507 458
Normal_3838_5350_0121.png 0 15 99 507 457
Normal_3838_5350_0122.png 0 15 100 507 457
Normal_3838_5350_0123.png 0 15 101 506 457
Normal_3838_5350_0124.png 0 15 102 506 456
Normal_3838_5350_0125.png 0 16 103 505 456
Normal_3838_5350_0126.png 0 16 104 505 456
Normal_3838_5350_0127.png 0 16 105 504 456
Normal_3838_5350_0128.png 0 17 106 504 456
Normal_3838_5350_0129.png 0 17 107 503 456
Normal_3838_5350_0130.png 0 18 108 503 456
Normal_3838_5350_0131.png 0 18 109 502 455
Normal_3838_5350_0132.png 0 19 110 502 455
Normal_3838_5350_0133.png 0 20 110 501 454
Normal_3838_5350_0134.png 0 20 109 501 453
Normal_3838_5350_0135.png 0 21 109 500 452
Normal_3838_5350_0136.png 0 21 109 499 452
Normal_3838_5350_0137.png 0 22 109 499 451
Normal_3838_5350_0138.png 0 22 109 498 451
Normal_3838_5350_0139.png 0 23 109 498 450
Normal_3838_5350_0140.png 0 23 109 497 450
Normal_3838_5350_0141.png 0 24 109 497 450
Normal_3838_5350_0142.png 0 25 109 496 449
Normal_3838_5350_0143.png 0 26 109 495 449
Normal_3838_5350_0144.png 0 27 109 494 449
Normal_3838_5350_0145.png 0 28 108 493 448
Normal_3838_5350_0146.png 0 30 109 492 448
Normal_3838_5350_0147.png 0 31 109 491 447
Normal_3838_5350_0148.png 0 32 108 490 446
Normal_3838_5350_0149.png 0 33 108 489 446
Normal_3838_5350_0150.png 0 32 108 488 445
Normal_3838_5350_0151.png 0 32 108 488 444
Normal_3838_5350_0152.png 0 32 108 488 443
Normal_3838_5350_0153.png 0 31 108 488 442
Normal_3838_5350_0154.png 0 31 108 488 442
Normal_3838_5350_0155.png 0 31 107 487 442
Normal_3838_5350_0156.png 0 31 107 487 441
Normal_3838_5350_0157.png 0 31 107 486 441
Normal_3838_5350_0158.png 0 32 107 486 441
Normal_3838_5350_0159.png 0 32 107 486 441
Normal_3838_5350_0160.png 0 32 106 485 441
Normal_3838_5350_0161.png 0 32 106 485 440
Normal_3838_5350_0162.png 0 32 106 485 440
Normal_3838_5350_0163.png 0 32 106 485 440
Normal_3838_5350_0164.png 0 32 106 485 439
Normal_3838_5350_0165.png 0 32 106 485 439
Normal_3838_5350_0166.png 0 32 106 485 438
Normal_3838_5350_0167.png 0 32 106 485 438
Normal_3838_5350_0168.png 0 32 106 485 438
Normal_3838_5350_0169.png 0 33 105 485 437
Normal_3838_5350_0170.png 0 33 105 486 437
Normal_3838_5350_0171.png 0 33 105 486 436
Normal_3838_5350_0172.png 0 33 105 486 436
Normal_3838_5350_0173.png 0 34 105 485 435
Normal_3838_5350_0174.png 0 34 105 485 435
Normal_3838_5350_0175.png 0 34 105 485 434
Normal_3838_5350_0176.png 0 34 106 485 434
Normal_3838_5350_0177.png 0 35 106 485 434
Normal_3838_5350_0178.png 0 35 106 485 433
Normal_3838_5350_0179.png 0 35 106 485 433
Normal_3838_5350_0180.png 0 35 106 484 433
Normal_3838_5350_0181.png 0 35 106 484 432
Normal_3838_5350_0182.png 0 36 106 484 432
Normal_3838_5350_0183.png 0 36 106 483 432
Normal_3838_5350_0184.png 0 36 106 483 432
Normal_3838_5350_0185.png 0 36 106 483 431
Normal_3838_5350_0186.png 0 37 106 483 431
Normal_3838_5350_0187.png 0 37 106 482 431
Normal_3838_5350_0188.png 0 37 107 482 431
Normal_3838_5350_0189.png 0 38 107 482 430
Normal_3838_5350_0190.png 0 38 107 481 430
Normal_3838_5350_0191.png 0 38 107 481 430
Normal_3838_5350_0192.png 0 39 108 480 430
Normal_3838_5350_0193.png 0 39 108 480 430
Normal_3838_5350_0194.png 0 39 108 480 429
Normal_3838_5350_0195.png 0 40 109 479 429
Normal_3838_5350_0196.png 0 40 109 479 429
Normal_3838_5350_0197.png 0 41 109 479 429